2 0.41520833333333335 0.8973796296296296 0.1265 0.20524074074074075
2 0.31536458333333334 0.8449074074074074 0.13005729166666666 0.3101851851851852
2 0.17866145833333333 0.8148148148148148 0.09451041666666667 0.3425925925925926
2 0.2993177083333334 0.5262314814814815 0.08404687500000001 0.23456481481481484
2 0.5774895833333333 0.6767037037037037 0.067484375 0.2515462962962963
1 0.47161458333333334 0.2731574074074074 0.15776562500000002 0.32716666666666666
1 0.5900677083333333 0.10802777777777778 0.084 0.18210185185185185
2 0.6365 0.42592592592592593 0.03278645833333334 0.1882777777777778
1 0.62565625 0.040888888888888884 0.060078124999999996 0.08177777777777777
1 0.6499635416666667 0.17669444444444446 0.09439062499999999 0.20832407407407408
2 0.68771875 0.38349074074074074 0.032776041666666665 0.1712962962962963
2 0.0684375 0.7947592592592593 0.09625520833333333 0.31790740740740736
2 0.7172291666666666 0.31019444444444444 0.024083333333333335 0.12962962962962962
2 0.35528125 0.3418240740740741 0.05369270833333333 0.13117592592592592
2 0.43253125000000003 0.5625 0.07623958333333333 0.22685185185185186
2 0.4898177083333334 0.6141944444444445 0.051921875 0.24074074074074073