2 0.40953124999999996 0.7600277777777779 0.08579166666666667 0.30092592592592593
2 0.5258333333333334 0.8580277777777777 0.07361458333333333 0.28394444444444444
2 0.5132552083333334 0.5640462962962962 0.04496875 0.21450925925925926
1 0.387390625 0.4097222222222222 0.18908333333333335 0.4089537037037037
1 0.520203125 0.1890462962962963 0.13347916666666665 0.2453611111111111
1 0.6052552083333332 0.31172222222222223 0.14560416666666667 0.3827037037037037
1 0.6000520833333333 0.06558333333333333 0.07966145833333332 0.13116666666666665
2 0.601796875 0.5918148148148148 0.043182291666666664 0.2268611111111111
2 0.6582083333333333 0.4722314814814815 0.03624479166666667 0.18519444444444444
2 0.70246875 0.3325648148148148 0.02409375 0.12191666666666666
1 0.6456197916666666 0.04552777777777778 0.05833854166666667 0.09104629629629629
2 0.10835416666666667 0.2276203703703704 0.030322916666666665 0.125