1 0.45034375 0.30092592592592593 0.18642187500000001 0.28702777777777777
1 0.463796875 0.6273148148148148 0.2879322916666667 0.7021574074074074
1 0.5883385416666667 0.09875925925925925 0.09094270833333334 0.18209259259259258
2 0.6612447916666666 0.46605555555555556 0.030166666666666668 0.1882777777777778
1 0.6456197916666666 0.04552777777777778 0.05833854166666667 0.09104629629629629
2 0.7475989583333333 0.2523240740740741 0.031036458333333336 0.125
1 0.7016041666666666 0.07407407407407407 0.05748958333333333 0.14814814814814814
2 0.028609375 0.6512222222222223 0.05721875 0.23457407407407407
2 0.6360677083333334 0.3410462962962963 0.0301875 0.1450648148148148
2 0.511515625 0.12808333333333335 0.029348958333333335 0.09259259259259259
2 0.7015989583333333 0.3580277777777778 0.027567708333333333 0.12345370370370372