2 0.20555729166666667 0.8425925925925926 0.15006770833333333 0.29012037037037036
2 0.19080729166666668 0.5933611111111111 0.08064062500000001 0.1712962962962963
2 0.52453125 0.5571018518518518 0.07447916666666667 0.2654351851851852
2 0.6022135416666666 0.49537037037037035 0.052765625000000003 0.23765740740740743
2 0.6642760416666668 0.4375 0.041463541666666666 0.21450925925925926
2 0.4780989583333334 0.26157407407407407 0.04932291666666667 0.15895370370370368
2 0.26761979166666666 0.4714537037037037 0.048505208333333334 0.19907407407407407
2 0.43600520833333334 0.23687962962962963 0.048463541666666665 0.11265740740740741
2 0.5905 0.3402777777777778 0.04669270833333334 0.18981481481481483
2 0.6516875 0.2993796296296296 0.03713020833333334 0.1111111111111111
2 0.62521875 0.24305555555555555 0.032796874999999996 0.13117592592592592
2 0.7068020833333333 0.31712962962962965 0.041453125 0.13117592592592592
1 0.3457239583333333 0.4807129629629629 0.222078125 0.5354907407407408
1 0.55490625 0.1527777777777778 0.10225 0.21604629629629632
1 0.7176510416666667 0.07715740740740741 0.054473958333333336 0.15432407407407406