2 0.4824583333333334 0.8919722222222223 0.07358333333333333 0.21604629629629632
2 0.56925 0.6635740740740741 0.047531250000000004 0.24383333333333332
2 0.5883489583333333 0.4073981481481482 0.042317708333333336 0.1605
0 0.39521875 0.5540092592592593 0.32267708333333334 0.8271574074074074
1 0.5332291666666666 0.19212037037037039 0.090453125 0.18981481481481483
2 0.6287031249999999 0.4992407407407407 0.027572916666666666 0.21141666666666667
1 0.5918177083333334 0.11265740740740741 0.08785416666666666 0.22530555555555556
2 0.71765625 0.28935185185185186 0.024958333333333336 0.13116666666666665
2 0.231578125 0.24381481481481482 0.06852083333333334 0.14197222222222222
1 0.7133125 0.07330555555555555 0.05620833333333333 0.14660185185185187
2 0.6781614583333333 0.3271574074074074 0.027572916666666666 0.16049074074074074