2 0.12527604166666667 0.4930555555555556 0.06590104166666667 0.1774722222222222
2 0.32707291666666666 0.8719166666666667 0.0701875 0.2561759259259259
2 0.42341666666666666 0.5933611111111111 0.06669270833333334 0.25462962962962965
2 0.5470989583333333 0.5277777777777778 0.0328125 0.22839814814814813
2 0.500234375 0.3881203703703704 0.0345625 0.19289814814814815
2 0.407359375 0.3726851851851852 0.057151041666666666 0.18981481481481483
2 0.57140625 0.23456481481481484 0.03280729166666667 0.13271296296296298
2 0.5236666666666667 0.18441666666666665 0.027614583333333335 0.12191666666666666
2 0.6686145833333333 0.11728703703703704 0.018895833333333334 0.09876851851851852
2 0.523234375 0.07715740740740741 0.035421875000000005 0.09876851851851852
1 0.21986979166666665 0.7145092592592592 0.2880729166666667 0.5648148148148148
1 0.61696875 0.07407407407407407 0.0770625 0.1450648148148148
1 0.7771041666666666 0.18287037037037038 0.110875 0.21450925925925926