1 0.5544739583333332 0.20293518518518516 0.12915625 0.3101851851851852
1 0.6100260416666666 0.07562037037037037 0.06491145833333332 0.1512314814814815
2 0.10096875000000001 0.8425925925925926 0.102359375 0.3148148148148148
2 0.411265625 0.75 0.08752604166666668 0.33641666666666664
2 0.54796875 0.6898148148148148 0.04496354166666667 0.2716018518518518
2 0.50153125 0.4976851851851852 0.059734375 0.22067592592592594
2 0.2797708333333333 0.6674351851851852 0.08842708333333334 0.2361111111111111
2 0.3739427083333334 0.2986111111111111 0.05455729166666667 0.10956481481481481
2 0.592234375 0.3680555555555556 0.03801041666666667 0.1527777777777778
2 0.642140625 0.4660462962962963 0.03713020833333334 0.2037037037037037
2 0.6963906249999999 0.33796296296296297 0.02930729166666667 0.16049074074074074