2 0.5019895833333333 0.8209907407407407 0.10046354166666666 0.35801851851851857
2 0.4125625 0.7175925925925926 0.09707812499999999 0.3117314814814815
2 0.24331770833333335 0.6712962962962963 0.08149479166666666 0.3055555555555556
2 0.3218802083333333 0.48842592592592593 0.07710416666666667 0.22685185185185186
2 0.5918125 0.6496944444444444 0.06141145833333333 0.22839814814814813
1 0.4776875 0.26235185185185184 0.15776562500000002 0.32716666666666666
2 0.34571874999999996 0.1774722222222222 0.04330208333333333 0.12344444444444444
1 0.6174010416666668 0.0763888888888889 0.074453125 0.1527777777777778
2 0.689015625 0.12268518518518519 0.024958333333333336 0.10339814814814816
2 0.6469166666666666 0.38349074074074074 0.029312500000000002 0.1743888888888889
2 0.24763541666666666 0.33487962962962964 0.04855729166666667 0.18518518518518517
2 0.07710416666666667 0.42824074074074076 0.06851562500000001 0.18673148148148147