2 0.22552083333333334 0.6311759259259259 0.05285416666666667 0.25925925925925924
2 0.2736927083333333 0.720675925925926 0.08842708333333334 0.3148148148148148
2 0.38131770833333334 0.716824074074074 0.07625 0.32252777777777775
2 0.4594479166666667 0.5432037037037036 0.06753645833333333 0.26234259259259257
2 0.48767187500000003 0.8449166666666666 0.0596875 0.28241666666666665
2 0.530625 0.45987962962962964 0.038 0.16975925925925925
2 0.32016666666666665 0.45525 0.03541145833333333 0.2037037037037037
2 0.5926822916666666 0.5987592592592592 0.045807291666666666 0.23764814814814816
1 0.4871666666666667 0.22530555555555556 0.15961979166666668 0.3302407407407408
1 0.6024270833333334 0.11651851851851852 0.09053125 0.19906481481481483
2 0.7128802083333333 0.3055648148148148 0.029296875 0.1419814814814815
2 0.06453645833333334 0.5023148148148148 0.07803125 0.21142592592592593
1 0.22013541666666667 0.39891666666666664 0.18859895833333334 0.30400925925925926
2 0.7076718750000001 0.11497222222222223 0.022359375 0.09104629629629629