2 0.4919895833333333 0.8341018518518519 0.05799479166666666 0.2916666666666667
2 0.3574583333333334 0.8341018518518519 0.10315104166666668 0.33178703703703705
2 0.2914895833333333 0.6805555555555556 0.08060937500000001 0.31790740740740736
2 0.3947760416666667 0.4791666666666667 0.06322916666666667 0.18981481481481483
2 0.596140625 0.519287037037037 0.03193229166666667 0.20833333333333334
1 0.5544739583333332 0.19212962962962962 0.127421875 0.2916666666666667
2 0.662546875 0.4104907407407407 0.03451041666666667 0.1882777777777778
1 0.6104635416666666 0.07099074074074074 0.06577083333333333 0.14197222222222222
2 0.7007291666666667 0.33874074074074073 0.025833333333333333 0.14350925925925928
2 0.180828125 0.7299351851851852 0.09711458333333334 0.3271574074074074
2 0.40688541666666667 0.08950925925925926 0.03552604166666666 0.0895
2 0.30971354166666665 0.42824074074074076 0.05630729166666667 0.10648148148148148