2 0.19470833333333332 0.6728425925925926 0.10580729166666666 0.30247222222222225
2 0.26197916666666665 0.4714537037037037 0.07194270833333333 0.1774722222222222
2 0.3448645833333333 0.6990740740740741 0.09709374999999999 0.30863888888888885
2 0.434265625 0.7145092592592592 0.04325520833333333 0.26851851851851855
2 0.48590625000000004 0.8425925925925926 0.09966145833333333 0.3148148148148148
2 0.5575156250000001 0.5524722222222221 0.034546875 0.22839814814814813
2 0.6299895833333333 0.4444444444444444 0.030192708333333332 0.1975277777777778
2 0.6881458333333333 0.3742314814814815 0.026703125 0.1774722222222222
2 0.7206927083333333 0.3063240740740741 0.022354166666666668 0.14351851851851852
2 0.6161041666666667 0.3325648148148148 0.028458333333333332 0.16821296296296295
1 0.4659375 0.2816388888888889 0.16216145833333334 0.3410462962962963
1 0.5865885416666666 0.11574074074074074 0.087484375 0.20678703703703705
1 0.6490833333333333 0.17824074074074073 0.09614583333333333 0.22067592592592594
1 0.62478125 0.04475 0.05449479166666667 0.08950925925925926