2 0.4824583333333334 0.8919722222222223 0.07358333333333333 0.21604629629629632
2 0.56925 0.6635740740740741 0.047531250000000004 0.24383333333333332
2 0.5883489583333333 0.4073981481481482 0.042317708333333336 0.1605
0 0.40216145833333333 0.5277777777777778 0.314 0.7993796296296297
1 0.5332291666666666 0.19212037037037039 0.090453125 0.18981481481481483
2 0.6530052083333333 0.4259351851851852 0.027572916666666666 0.17592592592592593
1 0.5918177083333334 0.11265740740740741 0.08785416666666666 0.22530555555555556
1 0.6425833333333333 0.05400925925925926 0.04011979166666667 0.10801851851851851
2 0.6950885416666667 0.1921388888888889 0.020166666666666666 0.11574074074074074
2 0.74065625 0.04243518518518519 0.01540625 0.06944444444444445
2 0.21336979166666667 0.30400925925925926 0.05806770833333333 0.17592592592592593