2 0.22552083333333334 0.6311759259259259 0.05285416666666667 0.25925925925925924
2 0.2736927083333333 0.720675925925926 0.08842708333333334 0.3148148148148148
2 0.38131770833333334 0.716824074074074 0.07625 0.32252777777777775
2 0.4594479166666667 0.5432037037037036 0.06753645833333333 0.26234259259259257
2 0.49288020833333335 0.8449166666666666 0.04927083333333333 0.28241666666666665
2 0.530625 0.45601851851851855 0.038 0.19290740740740742
2 0.33361979166666667 0.45525 0.0623125 0.2037037037037037
2 0.5926822916666666 0.5987592592592592 0.045807291666666666 0.23764814814814816
1 0.5444427083333333 0.14042592592592593 0.11969791666666667 0.2530833333333333
2 0.4117239583333333 0.42900925925925926 0.062296875 0.1357962962962963
2 0.6768645833333333 0.31712962962962965 0.0284375 0.15278703703703703
1 0.29086979166666665 0.21219444444444444 0.149546875 0.24537037037037038