1 0.7120104166666666 0.08178703703703703 0.057078125 0.16358333333333333
1 0.5266979166666667 0.19521296296296298 0.11701041666666666 0.2361111111111111
2 0.6829375 0.3186759259259259 0.03538541666666666 0.1651203703703704
2 0.5987447916666666 0.5408981481481481 0.05797395833333333 0.21141666666666667
2 0.49849479166666666 0.6643518518518519 0.07969791666666667 0.2854907407407407
2 0.3544114583333334 0.6134259259259259 0.083203125 0.18055555555555555
2 0.15955729166666668 0.6821018518518518 0.09453125 0.27469444444444446
2 0.26979166666666665 0.4544722222222222 0.073671875 0.22067592592592594
2 0.35181250000000003 0.33564814814814814 0.032864583333333336 0.1651203703703704
2 0.4872135416666667 0.4645092592592593 0.024151041666666664 0.16049074074074074
2 0.40302083333333333 0.23919444444444443 0.027640625 0.13580555555555554