2 0.22986458333333332 0.6373425925925926 0.092765625 0.29012037037037036
2 0.44729166666666664 0.8271574074074074 0.10400000000000001 0.34568518518518515
2 0.54059375 0.6026203703703704 0.07186979166666667 0.27624074074074073
2 0.6130625 0.42824074074074076 0.064046875 0.20215740740740742
2 0.6811979166666667 0.3433611111111111 0.04406770833333333 0.15895370370370368
2 0.65603125 0.21296296296296297 0.03018229166666667 0.1265462962962963
2 0.71765625 0.24691666666666667 0.028432291666666668 0.11419444444444445
3 0.49805208333333334 0.27623148148148147 0.20033854166666665 0.44136111111111115
1 0.5930989583333334 0.10956481481481481 0.08314583333333332 0.16975
1 0.6933489583333333 0.08487962962962962 0.05273958333333333 0.13580555555555554
1 0.6525572916666668 0.04321296296296297 0.05969791666666667 0.08641666666666667
2 0.7549739583333334 0.26851851851851855 0.028421875 0.12962962962962962
2 0.38869791666666664 0.3395092592592593 0.03025 0.16666666666666666
2 0.4832604166666667 0.037037037037037035 0.02684375 0.07407407407407407