2 0.5019895833333333 0.8209907407407407 0.10046354166666666 0.35801851851851857
2 0.4125625 0.7175925925925926 0.09707812499999999 0.3117314814814815
2 0.24331770833333335 0.6712962962962963 0.08149479166666666 0.3055555555555556
2 0.3218802083333333 0.48842592592592593 0.07710416666666667 0.22685185185185186
2 0.5918125 0.6496944444444444 0.06141145833333333 0.22839814814814813
1 0.4776875 0.26235185185185184 0.15776562500000002 0.32716666666666666
2 0.3344375 0.1743888888888889 0.04330208333333333 0.12344444444444444
1 0.6174010416666668 0.0763888888888889 0.074453125 0.1527777777777778
2 0.88775 0.24460185185185188 0.04926041666666667 0.09105555555555556
2 0.6564635416666668 0.30092592592592593 0.02236979166666667 0.15432407407407406
2 0.068859375 0.7121944444444444 0.07459375 0.30710185185185185