2 0.40953124999999996 0.7600277777777779 0.08579166666666667 0.30092592592592593
2 0.5258333333333334 0.8580277777777777 0.07361458333333333 0.28394444444444444
2 0.5132552083333334 0.5640462962962962 0.04496875 0.21450925925925926
1 0.387390625 0.4097222222222222 0.18908333333333335 0.4089537037037037
1 0.520203125 0.1890462962962963 0.13347916666666665 0.2453611111111111
1 0.6052552083333332 0.31172222222222223 0.14560416666666667 0.3827037037037037
1 0.6000520833333333 0.06558333333333333 0.07966145833333332 0.13116666666666665
2 0.7124479166666667 0.24922222222222223 0.02321875 0.12191666666666666
2 0.7024635416666667 0.15432407407407406 0.018890625 0.08950925925925926
2 0.8881927083333333 0.26002777777777775 0.05358333333333333 0.09722222222222222
1 0.6443229166666666 0.05324074074074074 0.07135937499999999 0.10648148148148148