2 0.5019895833333333 0.8209907407407407 0.10046354166666666 0.35801851851851857
2 0.4125625 0.7175925925925926 0.09707812499999999 0.3117314814814815
2 0.24331770833333335 0.6712962962962963 0.08149479166666666 0.3055555555555556
2 0.3218802083333333 0.48842592592592593 0.07710416666666667 0.22685185185185186
2 0.6265260416666667 0.5416666666666666 0.04405208333333333 0.22839814814814813
2 0.5844322916666667 0.4398148148148148 0.029312500000000002 0.18209259259259258
1 0.5110989583333333 0.2106574074074074 0.13433333333333333 0.2855
2 0.40861458333333334 0.1041574074074074 0.03728125 0.09722222222222222
2 0.36698437500000003 0.2152777777777778 0.044171875 0.12190740740740741
2 0.62175 0.24150925925925926 0.031046874999999998 0.10339814814814816
2 0.6833697916666667 0.09027777777777778 0.017156249999999998 0.10339814814814816
2 0.6239166666666667 0.08564814814814815 0.016307291666666664 0.08487962962962962