2 0.22552083333333334 0.6311759259259259 0.05285416666666667 0.25925925925925924
2 0.2736927083333333 0.720675925925926 0.08842708333333334 0.3148148148148148
2 0.38131770833333334 0.716824074074074 0.07625 0.32252777777777775
2 0.4594479166666667 0.5432037037037036 0.06753645833333333 0.26234259259259257
2 0.5280260416666667 0.7469259259259259 0.04319791666666666 0.2530925925925926
2 0.5293229166666666 0.4591111111111111 0.03539583333333333 0.19290740740740742
2 0.34750520833333337 0.44136111111111115 0.0623125 0.21605555555555556
2 0.3856510416666667 0.12653703703703703 0.03286979166666667 0.1172962962962963
2 0.6499583333333334 0.42128703703703707 0.03713020833333334 0.16666666666666666
1 0.20381770833333332 0.32330555555555557 0.17784375 0.33487962962962964
2 0.05801041666666666 0.7939814814814815 0.058104166666666665 0.3101851851851852