2 0.39784375 0.8850277777777779 0.13172916666666665 0.2299351851851852
2 0.055010416666666666 0.8973703703703704 0.11001562499999999 0.20525925925925925
2 0.46251041666666665 0.6527777777777778 0.07703125000000001 0.21605555555555556
1 0.37745833333333334 0.44212962962962965 0.23191145833333332 0.4490648148148148
2 0.12405208333333334 0.623462962962963 0.083984375 0.2561759259259259
1 0.5471197916666667 0.16975925925925925 0.12864583333333332 0.2685092592592593
2 0.54321875 0.42438888888888887 0.050994791666666664 0.17591666666666667
1 0.7632135416666667 0.13889814814814813 0.11782291666666667 0.2129537037037037
2 0.6026614583333333 0.5408981481481481 0.053609375 0.19289814814814815
2 0.47766145833333334 0.13503703703703704 0.038036458333333335 0.11265740740740741
2 0.70940625 0.29321296296296295 0.027567708333333333 0.13271296296296298
2 0.6725208333333333 0.24768518518518517 0.021500000000000002 0.14351851851851852
2 0.6282552083333334 0.24460185185185188 0.030192708333333332 0.1373425925925926