2 0.27803125 0.6257685185185186 0.09190104166666666 0.27314814814814814
2 0.33054687499999996 0.4513888888888889 0.068453125 0.1712962962962963
2 0.3735104166666667 0.3541666666666667 0.0536875 0.15895370370370368
2 0.388265625 0.6921296296296297 0.08666666666666667 0.29475
2 0.48243749999999996 0.7646574074074074 0.09271875 0.33178703703703705
2 0.5570833333333333 0.5509259259259259 0.061453125 0.27469444444444446
2 0.6130625 0.42824074074074076 0.064046875 0.20215740740740742
2 0.6811979166666667 0.3433611111111111 0.04406770833333333 0.15895370370370368
2 0.65603125 0.21296296296296297 0.03018229166666667 0.1265462962962963
2 0.71765625 0.24691666666666667 0.028432291666666668 0.11419444444444445
3 0.49805208333333334 0.27623148148148147 0.20033854166666665 0.44136111111111115
1 0.5930989583333334 0.10956481481481481 0.08314583333333332 0.16975
1 0.6933489583333333 0.08487962962962962 0.05273958333333333 0.13580555555555554
1 0.6525572916666668 0.04321296296296297 0.05969791666666667 0.08641666666666667
2 0.214671875 0.32407407407407407 0.06588020833333333 0.16975
2 0.34356770833333333 0.18981481481481483 0.04761979166666667 0.13271296296296298
2 0.4707239583333333 0.060953703703703704 0.027625 0.057101851851851855