2 0.45815625 0.8341111111111111 0.09963541666666667 0.3317777777777778
1 0.6039635416666667 0.26235185185185184 0.13258333333333333 0.2716111111111111
1 0.5983125 0.08564814814814815 0.07965625 0.1651203703703704
2 0.6165468749999999 0.4645092592592593 0.04664583333333334 0.19444444444444445
2 0.7337083333333333 0.16666666666666666 0.027557291666666664 0.11727777777777777
2 0.19084375 0.8611111111111112 0.10832812500000001 0.2777777777777778
2 0.6998593750000001 0.29398148148148145 0.03451041666666667 0.1527777777777778
1 0.6877135416666668 0.08101851851851852 0.06749479166666666 0.16203703703703703
1 0.30757291666666664 0.24150925925925926 0.17341145833333332 0.32252777777777775
2 0.95284375 0.30092592592592593 0.06139583333333333 0.10185185185185185
2 0.15998958333333332 0.7037037037037037 0.10755208333333334 0.2777777777777778