2 0.36265624999999996 0.658175925925926 0.08406770833333334 0.2978425925925926
2 0.5279895833333333 0.12962962962962962 0.04153645833333333 0.11419444444444445
2 0.50328125 0.5200648148148148 0.04408854166666667 0.1913611111111111
2 0.4438125 0.6990740740740741 0.0745 0.30863888888888885
2 0.5722708333333333 0.4097222222222222 0.04843229166666666 0.18055555555555555
2 0.6052552083333332 0.5061759259259259 0.039734375 0.19444444444444445
2 0.442953125 0.4675925925925926 0.06060416666666667 0.14814814814814814
2 0.33833854166666666 0.1751574074074074 0.03723958333333333 0.125
2 0.31795833333333334 0.36265740740740743 0.07279687500000001 0.20678703703703705
2 0.03934895833333333 0.6844166666666667 0.07806770833333333 0.26080555555555557
2 0.6295520833333333 0.08873148148148148 0.020645833333333332 0.09722222222222222