1 0.10775 0.8101851851851852 0.21550520833333334 0.37962962962962965
1 0.4863385416666667 0.2646574074074074 0.15260416666666668 0.33178703703703705
1 0.6048125 0.2770092592592593 0.12219791666666667 0.2916666666666667
1 0.6174010416666668 0.06326851851851852 0.07098958333333334 0.1265462962962963
1 0.557078125 0.04861111111111111 0.07360416666666666 0.09722222222222222
2 0.3752447916666667 0.2700648148148148 0.04674479166666667 0.15432407407407406
2 0.298 0.45678703703703705 0.06759375 0.22530555555555556
2 0.49589062500000003 0.5733055555555555 0.07622395833333333 0.2361111111111111
2 0.5918020833333333 0.5455277777777777 0.040614583333333336 0.21450925925925926
2 0.6851041666666667 0.3472222222222222 0.025838541666666666 0.17284259259259258
2 0.48981250000000004 0.8364166666666667 0.102265625 0.3271574074074074
2 0.322296875 0.831787037037037 0.09883333333333333 0.33641666666666664