2 0.5540677083333333 0.7361018518518518 0.05359895833333333 0.26235185185185184
1 0.46617187499999996 0.31249074074074074 0.17384375 0.3719166666666667
2 0.49806249999999996 0.5810185185185185 0.044109375 0.23302777777777778
2 0.41169791666666666 0.7530833333333333 0.0831875 0.26851851851851855
2 0.310171875 0.6026203703703704 0.11093229166666667 0.27623148148148147
1 0.5649114583333333 0.1265462962962963 0.10000520833333333 0.2530833333333333
1 0.6365052083333332 0.07330555555555555 0.06095833333333334 0.14660185185185187
2 0.6208854166666666 0.5617314814814814 0.044921875 0.21603703703703703
2 0.5696875 0.4043240740740741 0.039718750000000004 0.1419814814814815
2 0.6929166666666667 0.3587962962962963 0.029312500000000002 0.14351851851851852
2 0.34442708333333333 0.19212962962962962 0.042421875000000005 0.14043518518518516
1 0.4984375 0.06018518518518518 0.083265625 0.12036111111111111
2 0.07189583333333333 0.5300925925925926 0.07894270833333333 0.2145
2 0.029369791666666666 0.8186759259259259 0.058109375 0.29475