2 0.5301770833333334 0.6967592592592593 0.04583854166666667 0.2824074074074074
2 0.43990625 0.6273148148148148 0.07536979166666667 0.23919444444444443
2 0.214671875 0.5277777777777778 0.08844791666666667 0.17284259259259258
2 0.12788020833333333 0.48842592592592593 0.07978645833333334 0.12191666666666666
2 0.3353177083333333 0.41512037037037036 0.07105729166666667 0.1913611111111111
2 0.39390624999999996 0.28858333333333336 0.052812500000000005 0.14197222222222222
2 0.49806249999999996 0.35030555555555554 0.05626041666666667 0.1111111111111111
2 0.600046875 0.4104907407407407 0.03974479166666667 0.1574074074074074
2 0.6642760416666668 0.38502777777777775 0.037994791666666666 0.1712962962962963
2 0.7124479166666667 0.2530833333333333 0.024963541666666665 0.12345370370370372
1 0.5466614583333332 0.1674351851851852 0.10311979166666667 0.2175925925925926
1 0.7133125 0.07252777777777777 0.051000000000000004 0.1450648148148148
1 0.11875520833333333 0.7592592592592593 0.23688541666666665 0.48148148148148145