1 0.43426041666666665 0.3533981481481482 0.16997916666666668 0.3580277777777778
3 0.615234375 0.06558333333333333 0.078796875 0.13116666666666665
1 0.7697239583333333 0.1736111111111111 0.120421875 0.24537037037037038
2 0.6052552083333332 0.3904351851851852 0.036270833333333335 0.17592592592592593
2 0.5514427083333333 0.2569444444444444 0.036286458333333334 0.14660185185185187
2 0.5375520833333333 0.6620370370370371 0.04496875 0.24691666666666667
2 0.49371875000000004 0.5023148148148148 0.059734375 0.24228703703703705
2 0.40779166666666666 0.7361111111111112 0.08753125 0.2777777777777778
2 0.24678645833333332 0.49382407407407414 0.074546875 0.23456481481481484
2 0.08057291666666666 0.7901203703703704 0.09281770833333333 0.31789814814814815
2 0.1586875 0.9104907407407408 0.10842187499999999 0.17900925925925928