2 0.4681354166666667 0.8163611111111111 0.079671875 0.28394444444444444
2 0.43690104166666666 0.5779259259259258 0.09527083333333333 0.2793240740740741
2 0.5761979166666666 0.40124074074074073 0.04232291666666667 0.17900925925925928
3 0.17350000000000002 0.7399629629629629 0.34700000000000003 0.5200648148148148
1 0.5353854166666667 0.1982962962962963 0.13608854166666667 0.2638888888888889
1 0.6933489583333333 0.08487962962962962 0.05273958333333333 0.13580555555555554
1 0.646484375 0.04475925925925926 0.05969791666666667 0.08641666666666667
2 0.6447552083333333 0.4405833333333333 0.056192708333333334 0.19907407407407407
2 0.7454270833333333 0.16358333333333333 0.02321875 0.08641666666666667
2 0.48504166666666665 0.1373425925925926 0.030223958333333335 0.10493518518518519
2 0.6907447916666667 0.31636111111111115 0.03364583333333333 0.14197222222222222