2 0.4863385416666667 0.7669722222222223 0.09358854166666666 0.33025
2 0.2789010416666667 0.6288611111111111 0.09363541666666667 0.2669722222222222
2 0.38218749999999996 0.689037037037037 0.09013020833333334 0.3101851851851852
3 0.497640625 0.2847222222222222 0.19769270833333333 0.3996851851851852
2 0.33144270833333334 0.44752777777777775 0.059723958333333334 0.1574074074074074
2 0.5549375 0.5632685185185186 0.043192708333333336 0.2222222222222222
2 0.03702083333333333 0.6095648148148148 0.074046875 0.2222222222222222
2 0.67903125 0.3533981481481482 0.037989583333333334 0.17592592592592593
2 0.6148020833333334 0.4205277777777778 0.055364583333333335 0.1836388888888889
2 0.6529895833333333 0.20910185185185187 0.020635416666666666 0.11882407407407408
1 0.6976875 0.0625 0.045796875 0.10339814814814816
1 0.6456145833333333 0.04552777777777778 0.051015625 0.09104629629629629
1 0.5930989583333334 0.11265740740740741 0.076203125 0.17592592592592593
1 0.5345104166666667 0.04012037037037037 0.08229166666666667 0.08025
1 0.45031770833333334 0.09876851851851852 0.11355729166666667 0.17592592592592593