2 0.5019895833333333 0.8209907407407407 0.10046354166666666 0.35801851851851857
2 0.4125625 0.7175925925925926 0.09707812499999999 0.3117314814814815
2 0.24331770833333335 0.6712962962962963 0.08149479166666666 0.3055555555555556
2 0.3218802083333333 0.48842592592592593 0.07710416666666667 0.22685185185185186
2 0.5918125 0.6496944444444444 0.06141145833333333 0.22839814814814813
1 0.4776875 0.26235185185185184 0.15776562500000002 0.32716666666666666
1 0.5918020833333333 0.10339814814814816 0.084 0.18210185185185185
2 0.6365 0.42592592592592593 0.03278645833333334 0.1882777777777778
1 0.643015625 0.04089814814814815 0.060078124999999996 0.08178703703703703
1 0.6499635416666667 0.17669444444444446 0.09439062499999999 0.20832407407407408
2 0.68771875 0.38349074074074074 0.032776041666666665 0.1712962962962963
2 0.2907083333333333 0.27391666666666664 0.05202604166666667 0.17746296296296296
2 0.1786875 0.42900925925925926 0.06842187500000001 0.2098796296296296
1 0.4310208333333333 0.09953703703703703 0.11743229166666666 0.17437962962962963