2 0.5540677083333333 0.7361018518518518 0.05359895833333333 0.26235185185185184
1 0.46617187499999996 0.31249074074074074 0.17384375 0.3719166666666667
2 0.49806249999999996 0.5810185185185185 0.044109375 0.23302777777777778
2 0.41169791666666666 0.7530833333333333 0.0831875 0.26851851851851855
2 0.310171875 0.6026203703703704 0.11093229166666667 0.27623148148148147
1 0.5649114583333333 0.1265462962962963 0.10000520833333333 0.2530833333333333
1 0.6365052083333332 0.06559259259259259 0.06095833333333334 0.13116666666666665
2 0.6208854166666666 0.5617314814814814 0.044921875 0.21603703703703703
2 0.5696875 0.4043240740740741 0.039718750000000004 0.1419814814814815
2 0.6929166666666667 0.3587962962962963 0.029312500000000002 0.14351851851851852
2 0.29324999999999996 0.19060185185185186 0.04588020833333333 0.13118518518518518
2 0.39475 0.1489074074074074 0.03549479166666667 0.08797222222222223
2 0.21276041666666667 0.34875 0.06796354166666667 0.18210185185185185
2 0.030354166666666668 0.716824074074074 0.060708333333333336 0.25462962962962965