2 0.5466718749999999 0.7330277777777777 0.04930208333333333 0.25925925925925924
1 0.40604687500000003 0.3549351851851852 0.21078125 0.45987962962962964
2 0.23507291666666666 0.6959907407407407 0.07194270833333333 0.29938888888888887
2 0.3965416666666667 0.7446018518518518 0.08225520833333334 0.31636111111111115
2 0.479421875 0.5447500000000001 0.036265624999999996 0.21296296296296297
2 0.6482239583333332 0.42824999999999996 0.03364583333333333 0.18980555555555556
1 0.5692447916666666 0.16897222222222222 0.09441145833333334 0.2145
1 0.6182864583333333 0.08719444444444445 0.06615625 0.15894444444444444
2 0.5436302083333333 0.4305555555555556 0.029343750000000002 0.18518518518518517
1 0.34222395833333336 0.15046296296296297 0.11972916666666666 0.18673148148148147
2 0.18819270833333332 0.31172222222222223 0.06850520833333333 0.12962962962962962
2 0.6851041666666667 0.1450648148148148 0.015421875 0.10185185185185185
2 0.769296875 0.16358333333333333 0.02928645833333333 0.08950925925925926
1 0.11181250000000001 0.5763888888888888 0.221265625 0.43363888888888885