2 0.4824583333333334 0.8919722222222223 0.07358333333333333 0.21604629629629632
2 0.56925 0.6635740740740741 0.047531250000000004 0.24383333333333332
2 0.5883489583333333 0.4073981481481482 0.042317708333333336 0.1605
0 0.40216145833333333 0.5277777777777778 0.314 0.7993796296296297
1 0.5332291666666666 0.19212037037037039 0.090453125 0.18981481481481483
2 0.6530052083333333 0.4259351851851852 0.027572916666666666 0.17592592592592593
1 0.5918177083333334 0.11265740740740741 0.08785416666666666 0.22530555555555556
1 0.6555989583333334 0.03857407407407407 0.04011979166666667 0.07714814814814815
2 0.7202604166666667 0.29398148148148145 0.024958333333333336 0.13116666666666665
2 0.22854166666666667 0.6527685185185186 0.03988020833333333 0.23148148148148148
2 0.798359375 0.17824074074074073 0.056187499999999994 0.0941388888888889
2 0.8695260416666667 0.24846296296296294 0.05793229166666667 0.09259259259259259
3 0.284515625 0.1674351851851852 0.19176041666666668 0.3348703703703704
2 0.0823125 0.5964537037037037 0.07719270833333333 0.1527777777777778
2 0.70203125 0.09876851851851852 0.024963541666666665 0.08025