2 0.5050052083333333 0.8171296296296297 0.05799479166666666 0.2916666666666667
2 0.40648958333333335 0.7407407407407407 0.09186979166666666 0.3055555555555556
2 0.30710937499999996 0.6597222222222222 0.07540104166666667 0.2978425925925926
2 0.3947760416666667 0.4791666666666667 0.06322916666666667 0.18981481481481483
2 0.49545833333333333 0.5493796296296297 0.035432291666666664 0.20678703703703705
2 0.596140625 0.519287037037037 0.03193229166666667 0.20833333333333334
1 0.5544739583333332 0.19212962962962962 0.127421875 0.2916666666666667
2 0.662546875 0.4104907407407407 0.03451041666666667 0.1882777777777778
1 0.6208802083333332 0.07099074074074074 0.06577083333333333 0.14197222222222222
2 0.8690989583333334 0.24613888888888888 0.055322916666666666 0.0941388888888889
2 0.6963906249999999 0.18210185185185185 0.020625 0.12345370370370372