2 0.29148437499999996 0.9089537037037037 0.108390625 0.18210185185185185
2 0.3752447916666667 0.5995370370370371 0.07625520833333334 0.2916666666666667
2 0.4351302083333334 0.6651203703703704 0.09186458333333333 0.33025
2 0.4642135416666667 0.3672870370370371 0.04585416666666667 0.17284259259259258
2 0.50978125 0.4158981481481482 0.038031249999999996 0.19599074074074072
2 0.54840625 0.5262314814814815 0.05832291666666667 0.1975277777777778
2 0.6391041666666666 0.44136111111111115 0.05015104166666667 0.21604629629629632
2 0.60178125 0.3287037037037037 0.044953125000000003 0.18518518518518517
2 0.6729531249999999 0.17437962962962963 0.025838541666666666 0.12962962962962962
1 0.13394270833333335 0.7453703703703703 0.26726041666666667 0.5092592592592593
1 0.5809479166666667 0.11497222222222223 0.09356249999999999 0.19907407407407407
1 0.6265260416666667 0.06867592592592593 0.05313020833333334 0.1373425925925926
1 0.71809375 0.06944444444444445 0.05402083333333333 0.1388888888888889
1 0.669921875 0.03317592592592592 0.040989583333333336 0.0663611111111111