2 0.5423489583333333 0.7337870370370371 0.05620833333333333 0.26698148148148143
2 0.5883489583333333 0.4073981481481482 0.042317708333333336 0.1605
0 0.3735208333333333 0.5771574074074074 0.34003645833333335 0.8425925925925926
1 0.5236822916666667 0.20446296296296296 0.090453125 0.18981481481481483
2 0.6256666666666667 0.4992407407407407 0.03364583333333333 0.21141666666666667
1 0.5918177083333334 0.11265740740740741 0.08785416666666666 0.22530555555555556
2 0.71765625 0.28935185185185186 0.024958333333333336 0.13116666666666665
2 0.28798958333333335 0.28933333333333333 0.04595833333333333 0.1373425925925926
1 0.7228593750000001 0.07330555555555555 0.05620833333333333 0.14660185185185187
2 0.6781614583333333 0.3271574074074074 0.027572916666666666 0.16049074074074074
2 0.5431875 0.07329629629629629 0.026755208333333332 0.08178703703703703
2 0.3926145833333334 0.16975925925925925 0.0363125 0.08641666666666667