2 0.40953124999999996 0.7600277777777779 0.08579166666666667 0.30092592592592593
2 0.5258333333333334 0.8580277777777777 0.07361458333333333 0.28394444444444444
2 0.5132552083333334 0.5640462962962962 0.04496875 0.21450925925925926
1 0.387390625 0.4097222222222222 0.18908333333333335 0.4089537037037037
1 0.520203125 0.1890462962962963 0.13347916666666665 0.2453611111111111
1 0.6052552083333332 0.31172222222222223 0.14560416666666667 0.3827037037037037
1 0.6000520833333333 0.06558333333333333 0.07966145833333332 0.13116666666666665
2 0.601796875 0.5918148148148148 0.043182291666666664 0.2268611111111111
2 0.6582083333333333 0.4722314814814815 0.03624479166666667 0.18519444444444444
2 0.70246875 0.3325648148148148 0.02409375 0.12191666666666666
1 0.6456197916666666 0.04552777777777778 0.05833854166666667 0.09104629629629629
2 0.7580104166666667 0.23765740740740743 0.0275625 0.10802777777777778
1 0.705078125 0.07407407407407407 0.054015625 0.14814814814814814
0 0.449671875 0.09953703703703703 0.18077604166666666 0.19906481481481483
2 0.1135625 0.23919444444444443 0.030317708333333335 0.12962962962962962
2 0.289296875 0.3302407407407408 0.05202604166666667 0.16666666666666666
2 0.21638541666666666 0.25386111111111115 0.04161979166666666 0.14043518518518516
2 0.15825520833333334 0.36574074074074076 0.07283333333333333 0.13580555555555554
2 0.114859375 0.5339537037037037 0.08499479166666667 0.22530555555555556