2 0.109671875 0.7808611111111111 0.10404687500000001 0.31789814814814815
2 0.31625000000000003 0.9135740740740741 0.11788541666666667 0.17284259259259258
2 0.51065625 0.6836388888888889 0.07793229166666667 0.2808611111111111
2 0.5714166666666666 0.46373148148148147 0.050140625 0.19290740740740742
2 0.6508229166666666 0.23302777777777778 0.03018229166666667 0.1265462962962963
2 0.7272031250000001 0.22839814814814813 0.028432291666666668 0.11419444444444445
3 0.445546875 0.3788518518518519 0.2532760416666667 0.492287037037037
1 0.5870260416666666 0.11882407407407408 0.095296875 0.18826851851851853
1 0.6933489583333333 0.08487962962962962 0.05273958333333333 0.13580555555555554
1 0.6525572916666668 0.04321296296296297 0.05969791666666667 0.08641666666666667
2 0.7549739583333334 0.26851851851851855 0.028421875 0.12962962962962962
2 0.669484375 0.3811759259259259 0.027578125000000002 0.1574074074074074