2 0.4824583333333334 0.8919722222222223 0.07358333333333333 0.21604629629629632
2 0.56925 0.6635740740740741 0.047531250000000004 0.24383333333333332
2 0.5883489583333333 0.4073981481481482 0.042317708333333336 0.1605
0 0.40216145833333333 0.5277777777777778 0.314 0.7993796296296297
1 0.5332291666666666 0.19212037037037039 0.090453125 0.18981481481481483
2 0.6530052083333333 0.4259351851851852 0.027572916666666666 0.17592592592592593
1 0.5918177083333334 0.11265740740740741 0.08785416666666666 0.22530555555555556
1 0.6425833333333333 0.05400925925925926 0.04011979166666667 0.10801851851851851
2 0.685109375 0.3001666666666667 0.026239583333333334 0.11882407407407408
2 0.8695260416666667 0.2569351851851852 0.06140625 0.11264814814814815
2 0.6872760416666667 0.0625 0.014552083333333334 0.07252777777777777
2 0.7285052083333333 0.05092592592592592 0.013677083333333334 0.07099074074074074