2 0.27803125 0.6257685185185186 0.09190104166666666 0.27314814814814814
2 0.33054687499999996 0.4513888888888889 0.068453125 0.1712962962962963
2 0.388265625 0.6921296296296297 0.08666666666666667 0.29475
2 0.48243749999999996 0.7646574074074074 0.09271875 0.33178703703703705
2 0.5614218750000001 0.5694444444444444 0.06317708333333333 0.21912962962962962
3 0.49978645833333335 0.2793240740740741 0.19859895833333333 0.4197592592592592
1 0.5913697916666667 0.12191666666666666 0.08486979166666667 0.2006111111111111
2 0.6130781249999999 0.42513888888888884 0.05188020833333333 0.19289814814814815
2 0.6937864583333333 0.22607407407407407 0.017145833333333336 0.12808333333333335
2 0.114015625 0.5239259259259259 0.07974479166666668 0.22994444444444445
2 0.4898177083333334 0.05478703703703704 0.020677083333333336 0.07562037037037037
2 0.5345156249999999 0.051694444444444446 0.019796875 0.08487962962962962
2 0.6877083333333334 0.09876851851851852 0.0136875 0.08025