2 0.5050052083333333 0.8171296296296297 0.05799479166666666 0.2916666666666667
2 0.40648958333333335 0.7407407407407407 0.09186979166666666 0.3055555555555556
2 0.30710937499999996 0.6597222222222222 0.07540104166666667 0.2978425925925926
2 0.3947760416666667 0.4791666666666667 0.06322916666666667 0.18981481481481483
2 0.49545833333333333 0.5493796296296297 0.035432291666666664 0.20678703703703705
2 0.596140625 0.519287037037037 0.03193229166666667 0.20833333333333334
1 0.5544739583333332 0.19212962962962962 0.127421875 0.2916666666666667
2 0.662546875 0.4104907407407407 0.03451041666666667 0.1882777777777778
1 0.6104635416666666 0.07099074074074074 0.06577083333333333 0.14197222222222222
2 0.7007291666666667 0.33874074074074073 0.025833333333333333 0.14350925925925928
1 0.7983645833333333 0.07714814814814815 0.09959375 0.11109259259259259
1 0.5374895833333333 0.05092592592592592 0.07459895833333333 0.10184259259259258
2 0.265 0.2592685185185185 0.05720833333333333 0.1450648148148148
2 0.41906770833333334 0.13812037037037037 0.033734375 0.10648148148148148
2 0.35311458333333334 0.30169444444444443 0.04935416666666667 0.1651203703703704
2 0.6603697916666668 0.11497222222222223 0.01803125 0.09104629629629629