2 0.36265624999999996 0.658175925925926 0.08406770833333334 0.2978425925925926
2 0.5830989583333334 0.1087962962962963 0.047609374999999995 0.11264814814814815
2 0.50328125 0.5200648148148148 0.04408854166666667 0.1913611111111111
2 0.4438125 0.6990740740740741 0.0745 0.30863888888888885
2 0.5722708333333333 0.4097222222222222 0.04843229166666666 0.18055555555555555
2 0.6052552083333332 0.5061759259259259 0.039734375 0.19444444444444445
2 0.442953125 0.4675925925925926 0.06060416666666667 0.14814814814814814
2 0.43206770833333336 0.06481481481481481 0.030296875 0.07715740740740741
2 0.18517708333333335 0.5 0.07279687500000001 0.24074074074074073
2 0.3556770833333333 0.21837037037037038 0.04595833333333333 0.1527777777777778
2 0.5870260416666666 0.16666666666666666 0.024119791666666668 0.11419444444444445
2 0.46334375 0.20910185185185187 0.04758854166666667 0.1373425925925926