2 0.5019895833333333 0.8209907407407407 0.10046354166666666 0.35801851851851857
2 0.4125625 0.7175925925925926 0.09707812499999999 0.3117314814814815
2 0.24331770833333335 0.6712962962962963 0.08149479166666666 0.3055555555555556
2 0.3218802083333333 0.48842592592592593 0.07710416666666667 0.22685185185185186
2 0.5918125 0.6496944444444444 0.06141145833333333 0.22839814814814813
1 0.4776875 0.2654444444444444 0.15776562500000002 0.3333333333333333
2 0.07405729166666666 0.641962962962963 0.06244791666666667 0.2561759259259259
2 0.36828645833333334 0.18673148148148147 0.034625 0.12036111111111111
2 0.658203125 0.1882777777777778 0.022364583333333334 0.10802777777777778
1 0.6490833333333333 0.03858333333333334 0.057958333333333334 0.07715740740740741
2 0.7410885416666667 0.1111111111111111 0.02321875 0.09876851851851852