2 0.29714583333333333 0.38734259259259257 0.07103645833333333 0.15739814814814815
2 0.5496979166666667 0.7044722222222223 0.055385416666666666 0.2607962962962963
1 0.1843125 0.7229907407407408 0.28628125 0.5540092592592593
1 0.5149947916666666 0.19830555555555554 0.1438958333333333 0.26387962962962963
1 0.57921875 0.34875925925925927 0.16990625 0.42283333333333334
1 0.6000520833333333 0.06558333333333333 0.07966145833333332 0.13116666666666665
2 0.689015625 0.3958333333333333 0.026697916666666665 0.16512962962962963
1 0.6456197916666666 0.04552777777777778 0.05833854166666667 0.09104629629629629
2 0.7562760416666666 0.24614814814814812 0.031036458333333336 0.125
1 0.705078125 0.07407407407407407 0.054015625 0.14814814814814814
2 0.14784375 0.29474074074074075 0.034656250000000006 0.1419814814814815
2 0.06757291666666668 0.7199166666666666 0.047651041666666664 0.22685185185185186
2 0.4047604166666667 0.2700648148148148 0.04846875 0.16358333333333333
2 0.721125 0.30015740740740743 0.026697916666666665 0.12191666666666666