2 0.54234375 0.7638888888888888 0.08744791666666667 0.28703703703703703
2 0.5123958333333333 0.5439814814814815 0.03625520833333333 0.20832407407407408
2 0.4125625 0.7175925925925926 0.09707812499999999 0.3117314814814815
2 0.24331770833333335 0.6712962962962963 0.08149479166666666 0.3055555555555556
2 0.3218802083333333 0.48842592592592593 0.07710416666666667 0.22685185185185186
2 0.6586354166666666 0.4452129629629629 0.04405208333333333 0.18364814814814814
2 0.5957135416666667 0.39891666666666664 0.029312500000000002 0.15894444444444444
1 0.5449427083333334 0.1605 0.11350520833333334 0.2530925925925926
2 0.147828125 0.5293148148148148 0.069390625 0.24074074074074073
2 0.245921875 0.27391666666666664 0.05024479166666666 0.15586111111111112
2 0.661671875 0.16280555555555556 0.02236979166666667 0.10339814814814816