2 0.5019895833333333 0.8209907407407407 0.10046354166666666 0.35801851851851857
2 0.4125625 0.7175925925925926 0.09707812499999999 0.3117314814814815
2 0.24331770833333335 0.6712962962962963 0.08149479166666666 0.3055555555555556
2 0.3218802083333333 0.48842592592592593 0.07710416666666667 0.22685185185185186
2 0.5918125 0.6496944444444444 0.06141145833333333 0.22839814814814813
1 0.4776875 0.26235185185185184 0.15776562500000002 0.32716666666666666
1 0.6013489583333332 0.09259259259259259 0.084 0.18210185185185185
2 0.6365 0.42592592592592593 0.03278645833333334 0.1882777777777778
1 0.64865625 0.04089814814814815 0.048796874999999997 0.08178703703703703
1 0.3759166666666667 0.14428703703703705 0.12351041666666666 0.1836388888888889
1 0.7011614583333333 0.06096296296296297 0.049265625 0.12190740740740741
2 0.11443229166666667 0.44830555555555557 0.05808854166666667 0.20525