2 0.6321770833333333 0.44675000000000004 0.028541666666666667 0.18056481481481482
2 0.36786458333333333 0.7461481481481482 0.07711979166666666 0.33796296296296297
2 0.4425208333333333 0.5223703703703704 0.08055208333333333 0.19907407407407407
2 0.4091302083333333 0.9089444444444444 0.053614583333333334 0.18210185185185185
2 0.5106666666666667 0.5262407407407408 0.038 0.21913888888888888
2 0.1960625 0.652 0.047562499999999994 0.24537037037037038
2 0.56925 0.6543148148148148 0.045807291666666666 0.2530833333333333
1 0.4819583333333333 0.2307037037037037 0.16482812500000002 0.32869444444444446
1 0.6024270833333334 0.11651851851851852 0.09053125 0.19906481481481483
2 0.7128802083333333 0.3055648148148148 0.029296875 0.1419814814814815
2 0.24375 0.7538611111111111 0.06327083333333333 0.2793240740740741