1 0.45271875 0.3310092592592593 0.185125 0.3719166666666667
2 0.4360104166666667 0.6821018518518518 0.046713541666666664 0.18210185185185185
2 0.4294895833333333 0.9058611111111111 0.10314583333333333 0.18826851851851853
2 0.16046875000000002 0.882712962962963 0.13783854166666665 0.23457407407407407
1 0.5649114583333333 0.1265462962962963 0.10000520833333333 0.2530833333333333
1 0.6365052083333332 0.05170370370370371 0.06095833333333334 0.10338888888888889
2 0.5961510416666667 0.5995370370370371 0.047526041666666664 0.22375
2 0.5323697916666666 0.4969166666666666 0.057078125 0.22223148148148147
2 0.6885781249999999 0.3587962962962963 0.029312500000000002 0.14351851851851852
2 0.721125 0.30015740740740743 0.0266875 0.14043518518518516
2 0.056796875 0.4699074074074074 0.044911458333333334 0.18673148148148147