2 0.40953124999999996 0.7600277777777779 0.08579166666666667 0.30092592592592593
2 0.5258333333333334 0.8580277777777777 0.07361458333333333 0.28394444444444444
2 0.5132552083333334 0.5640462962962962 0.04496875 0.21450925925925926
1 0.387390625 0.4097222222222222 0.18908333333333335 0.4089537037037037
1 0.520203125 0.1890462962962963 0.13347916666666665 0.2453611111111111
1 0.6052552083333332 0.31172222222222223 0.14560416666666667 0.3827037037037037
1 0.6000520833333333 0.06558333333333333 0.07966145833333332 0.13116666666666665
2 0.61134375 0.57175 0.03623958333333333 0.21760185185185185
2 0.6759947916666668 0.42362037037037037 0.03190625 0.17130555555555554
2 0.817890625 0.21296296296296297 0.04144270833333333 0.11420370370370371
2 0.35876562500000003 0.17592592592592593 0.03285416666666666 0.11728703703703704
1 0.6538697916666667 0.047064814814814816 0.06268229166666667 0.0941388888888889