2 0.4824583333333334 0.8919722222222223 0.07358333333333333 0.21604629629629632
2 0.56925 0.6635740740740741 0.047531250000000004 0.24383333333333332
2 0.5883489583333333 0.4073981481481482 0.042317708333333336 0.1605
0 0.40216145833333333 0.5277777777777778 0.314 0.7993796296296297
1 0.5332291666666666 0.19212037037037039 0.090453125 0.18981481481481483
2 0.6530052083333333 0.4259351851851852 0.027572916666666666 0.17592592592592593
1 0.5918177083333334 0.11265740740740741 0.08785416666666666 0.22530555555555556
1 0.6425833333333333 0.05400925925925926 0.04011979166666667 0.10801851851851851
2 0.683375 0.31560185185185186 0.026239583333333334 0.11882407407407408
2 0.19868229166666668 0.31557407407407406 0.054463541666666664 0.15276851851851853
2 0.681203125 0.10571296296296297 0.014552083333333334 0.09722222222222222
2 0.72546875 0.12113888888888891 0.018015625 0.0787037037037037
2 0.15825520833333334 0.5100277777777779 0.09193229166666667 0.22685185185185186
2 0.07753645833333334 0.8248425925925926 0.07980208333333333 0.29475