2 0.46293229166666666 0.8780833333333333 0.09701562500000001 0.24382407407407405
2 0.023765625000000002 0.7114166666666667 0.047531250000000004 0.24383333333333332
2 0.5753333333333334 0.4482962962962963 0.042317708333333336 0.19290740740740742
0 0.306265625 0.6033888888888889 0.3999166666666667 0.7839444444444444
1 0.5006875000000001 0.2700555555555556 0.124296875 0.3055555555555556
2 0.6009322916666666 0.5439907407407407 0.034515625 0.21141666666666667
1 0.5918177083333334 0.11265740740740741 0.08785416666666666 0.22530555555555556
2 0.71765625 0.28935185185185186 0.024958333333333336 0.13116666666666665
1 0.7258958333333333 0.08796296296296297 0.06922395833333334 0.16975
2 0.6642760416666668 0.35030555555555554 0.027572916666666666 0.16049074074074074
2 0.5388489583333332 0.07792592592592593 0.026755208333333332 0.08178703703703703
2 0.4629114583333333 0.1419814814814815 0.0363125 0.08641666666666667