2 0.22552083333333334 0.6311759259259259 0.05285416666666667 0.25925925925925924
2 0.2736927083333333 0.720675925925926 0.08842708333333334 0.3148148148148148
2 0.38131770833333334 0.716824074074074 0.07625 0.32252777777777775
2 0.4594479166666667 0.5432037037037036 0.06753645833333333 0.26234259259259257
2 0.49288020833333335 0.8449166666666666 0.04927083333333333 0.28241666666666665
2 0.530625 0.45987962962962964 0.038 0.16975925925925925
2 0.32016666666666665 0.45525 0.03541145833333333 0.2037037037037037
2 0.5926822916666666 0.5987592592592592 0.045807291666666666 0.23764814814814816
1 0.4871666666666667 0.22530555555555556 0.15961979166666668 0.3302407407407408
1 0.6024270833333334 0.11651851851851852 0.09053125 0.19906481481481483
2 0.6469270833333333 0.21450925925925926 0.02409375 0.09876851851851852
2 0.38909374999999996 0.1265462962962963 0.031208333333333334 0.11728703703703704
1 0.07883333333333334 0.6095648148148148 0.15704687499999997 0.43210185185185185