2 0.27803125 0.6257685185185186 0.09190104166666666 0.27314814814814814
2 0.33054687499999996 0.4513888888888889 0.068453125 0.1712962962962963
2 0.388265625 0.6921296296296297 0.08666666666666667 0.29475
2 0.48243749999999996 0.7646574074074074 0.09271875 0.33178703703703705
2 0.5614218750000001 0.5694444444444444 0.06317708333333333 0.21912962962962962
3 0.49978645833333335 0.2793240740740741 0.19859895833333333 0.4197592592592592
1 0.5913697916666667 0.12191666666666666 0.08486979166666667 0.2006111111111111
2 0.6130781249999999 0.42513888888888884 0.05188020833333333 0.19289814814814815
2 0.6920520833333333 0.2723703703703704 0.025822916666666664 0.12808333333333335
2 0.42082291666666666 0.1419814814814815 0.028489583333333336 0.10494444444444445
2 0.6660104166666667 0.16203703703703703 0.018895833333333334 0.10802777777777778