2 0.5445052083333334 0.7075648148148148 0.08141145833333334 0.2700555555555556
2 0.04155729166666667 0.7654259259259258 0.08311979166666666 0.28703703703703703
2 0.465546875 0.5339537037037037 0.07616666666666667 0.25925925925925924
1 0.307140625 0.5046203703703703 0.26106250000000003 0.5216018518518519
1 0.675125 0.13349074074074072 0.07530729166666666 0.16821296296296295
1 0.6430104166666666 0.04475925925925926 0.05969791666666667 0.08641666666666667
2 0.6078697916666667 0.4583333333333333 0.04664583333333334 0.1913611111111111
2 0.71375 0.2577222222222222 0.027557291666666664 0.11727777777777777
2 0.287171875 0.8657407407407407 0.09444270833333333 0.26851851851851855
2 0.53453125 0.32716666666666666 0.047531250000000004 0.16357407407407407
2 0.6746927083333334 0.33873148148148147 0.03451041666666667 0.1527777777777778
2 0.4616197916666666 0.24768518518518517 0.04583333333333333 0.14043518518518516
1 0.7076718750000001 0.056324074074074075 0.055343750000000004 0.10956481481481481
1 0.5375520833333333 0.047064814814814816 0.0796875 0.09104629629629629
2 0.7775416666666667 0.16975 0.03883333333333334 0.08025