2 0.40953124999999996 0.7600277777777779 0.08579166666666667 0.30092592592592593
2 0.5258333333333334 0.8580277777777777 0.07361458333333333 0.28394444444444444
2 0.5132552083333334 0.5640462962962962 0.04496875 0.21450925925925926
1 0.387390625 0.4097222222222222 0.18908333333333335 0.4089537037037037
1 0.520203125 0.1890462962962963 0.13347916666666665 0.2453611111111111
1 0.6052552083333332 0.31172222222222223 0.14560416666666667 0.3827037037037037
1 0.6000520833333333 0.06558333333333333 0.07966145833333332 0.13116666666666665
2 0.650828125 0.4907314814814815 0.035369791666666664 0.1882777777777778
2 0.6963906249999999 0.3688333333333333 0.031036458333333336 0.16975925925925925
2 0.7423906250000001 0.08719444444444445 0.020614583333333332 0.08487962962962962
2 0.22552604166666665 0.3263888888888889 0.0580625 0.16203703703703703
1 0.6477916666666667 0.051694444444444446 0.06267708333333334 0.10339814814814816