2 0.5328072916666666 0.777 0.08570833333333333 0.32871296296296293
1 0.46617187499999996 0.3109444444444444 0.16863541666666665 0.35957407407407405
2 0.49806249999999996 0.5810185185185185 0.044109375 0.23302777777777778
2 0.3422708333333333 0.8935185185185185 0.0831875 0.21296296296296297
2 0.12184895833333333 0.8503055555555556 0.12308333333333334 0.29938888888888887
1 0.5649114583333333 0.1265462962962963 0.10000520833333333 0.2530833333333333
1 0.6365052083333332 0.05478703703703704 0.06095833333333334 0.10956481481481481
2 0.6208854166666666 0.5617314814814814 0.044921875 0.21603703703703703
2 0.5636145833333334 0.4074074074074074 0.039718750000000004 0.1419814814814815
2 0.6929166666666667 0.3587962962962963 0.029312500000000002 0.14351851851851852
2 0.7237291666666666 0.30015740740740743 0.0266875 0.14043518518518516
2 0.08804166666666666 0.3966018518518518 0.0570625 0.1574074074074074