2 0.22552083333333334 0.6311759259259259 0.05285416666666667 0.25925925925925924
2 0.2736927083333333 0.720675925925926 0.08842708333333334 0.3148148148148148
2 0.38131770833333334 0.716824074074074 0.07625 0.32252777777777775
2 0.4594479166666667 0.5432037037037036 0.06753645833333333 0.26234259259259257
2 0.49288020833333335 0.8449166666666666 0.04927083333333333 0.28241666666666665
2 0.530625 0.45601851851851855 0.038 0.19290740740740742
2 0.33361979166666667 0.45525 0.0623125 0.2037037037037037
2 0.5926822916666666 0.5987592592592592 0.045807291666666666 0.23764814814814816
1 0.5756875 0.10493518518518519 0.10233854166666667 0.20987037037037037
2 0.6200208333333334 0.3186759259259259 0.024098958333333333 0.1280925925925926
2 0.4906979166666667 0.3302407407407408 0.05188020833333333 0.1357962962962963
2 0.35784374999999996 0.11496296296296296 0.03467708333333333 0.10648148148148148
2 0.6842395833333333 0.21141666666666667 0.022364583333333334 0.12346296296296297
1 0.08215104166666666 0.5416666666666666 0.16430208333333332 0.4104907407407407