2 0.5466718749999999 0.7330277777777777 0.04930208333333333 0.25925925925925924
1 0.40604687500000003 0.3549351851851852 0.21078125 0.45987962962962964
2 0.23507291666666666 0.6959907407407407 0.07194270833333333 0.29938888888888887
2 0.3965416666666667 0.7446018518518518 0.08225520833333334 0.31636111111111115
2 0.479421875 0.5447500000000001 0.036265624999999996 0.21296296296296297
2 0.6482239583333332 0.42824999999999996 0.03364583333333333 0.18980555555555556
1 0.5692447916666666 0.16897222222222222 0.09441145833333334 0.2145
1 0.6182864583333333 0.08719444444444445 0.06615625 0.15894444444444444
2 0.5436302083333333 0.4305555555555556 0.029343750000000002 0.18518518518518517
3 0.43378125 0.08564814814814815 0.12233854166666666 0.17128703703703704
2 0.718515625 0.1836388888888889 0.019760416666666666 0.10185185185185185
2 0.6473489583333334 0.21605555555555556 0.02323958333333333 0.08641666666666667
2 0.29366145833333335 0.22685185185185186 0.043291666666666666 0.1450648148148148