2 0.22552083333333334 0.6311759259259259 0.05285416666666667 0.25925925925925924
2 0.2736927083333333 0.720675925925926 0.08842708333333334 0.3148148148148148
2 0.38131770833333334 0.716824074074074 0.07625 0.32252777777777775
2 0.4594479166666667 0.5432037037037036 0.06753645833333333 0.26234259259259257
2 0.4920104166666667 0.8495462962962963 0.04927083333333333 0.2731574074074074
2 0.530625 0.45601851851851855 0.038 0.19290740740740742
2 0.33361979166666667 0.45525 0.0623125 0.2037037037037037
2 0.5926822916666666 0.5987592592592592 0.045807291666666666 0.23764814814814816
1 0.6069322916666666 0.07330555555555555 0.07977604166666666 0.14660185185185187
2 0.6556041666666667 0.25849074074074074 0.018890625 0.1466111111111111
2 0.5579583333333333 0.23225 0.033656250000000006 0.11574074074074074
2 0.22072395833333333 0.2646574074074074 0.046828125 0.14969444444444444
2 0.6920520833333333 0.1388888888888889 0.022364583333333334 0.09876851851851852