2 0.5019895833333333 0.8209907407407407 0.10046354166666666 0.35801851851851857
2 0.4125625 0.7175925925925926 0.09707812499999999 0.3117314814814815
2 0.24331770833333335 0.6712962962962963 0.08149479166666666 0.3055555555555556
2 0.3218802083333333 0.48842592592592593 0.07710416666666667 0.22685185185185186
2 0.5918125 0.6496944444444444 0.06141145833333333 0.22839814814814813
1 0.4776875 0.26235185185185184 0.15776562500000002 0.32716666666666666
2 0.3786979166666667 0.1442962962962963 0.036359375 0.12189814814814816
1 0.6056875 0.09027777777777778 0.082265625 0.18055555555555555
2 0.6629791666666667 0.18981481481481483 0.028432291666666668 0.11728703703703704
2 0.6365 0.42592592592592593 0.03278645833333334 0.1882777777777778
2 0.261953125 0.2152777777777778 0.04942708333333334 0.1373425925925926