2 0.5019895833333333 0.8209907407407407 0.10046354166666666 0.35801851851851857
2 0.4125625 0.7175925925925926 0.09707812499999999 0.3117314814814815
2 0.24331770833333335 0.6712962962962963 0.08149479166666666 0.3055555555555556
2 0.3218802083333333 0.48842592592592593 0.07710416666666667 0.22685185185185186
2 0.5918125 0.6496944444444444 0.06141145833333333 0.22839814814814813
1 0.4776875 0.26235185185185184 0.15776562500000002 0.32716666666666666
1 0.6013489583333332 0.09259259259259259 0.084 0.18210185185185185
2 0.6365 0.42592592592592593 0.03278645833333334 0.1882777777777778
1 0.64865625 0.04089814814814815 0.048796874999999997 0.08178703703703703
1 0.6499635416666667 0.17669444444444446 0.09439062499999999 0.20832407407407408
2 0.68771875 0.38349074074074074 0.032776041666666665 0.1712962962962963
2 0.7180885416666667 0.25077777777777777 0.029302083333333333 0.12499074074074075
1 0.47484895833333335 0.06712962962962964 0.1026875 0.13425925925925927
2 0.35958854166666665 0.1597222222222222 0.039875 0.12190740740740741
2 0.8257135416666667 0.21913888888888888 0.037953125000000004 0.10493518518518519
3 0.11729687500000001 0.5324074074074074 0.23459375000000002 0.7561759259259259