1 0.25328645833333335 0.6628055555555556 0.29240104166666664 0.6743796296296297
1 0.5388489583333332 0.18055555555555555 0.12395312500000001 0.2530833333333333
1 0.63215625 0.21219444444444444 0.10049479166666667 0.24228703703703705
1 0.6243489583333334 0.05478703703703704 0.06230729166666667 0.10956481481481481
2 0.39086458333333335 0.7947500000000001 0.10228645833333333 0.2962962962962963
2 0.461171875 0.5123425925925926 0.058875000000000004 0.2037037037037037
2 0.5249635416666666 0.7322500000000001 0.08229166666666667 0.3287037037037037
2 0.6213125 0.543212962962963 0.05622916666666666 0.21913888888888888
2 0.5887604166666667 0.43210185185185185 0.057109375000000004 0.21604629629629632
2 0.6681822916666668 0.35648148148148145 0.037125 0.16666666666666666
2 0.44034375000000003 0.2175925925925926 0.04325520833333333 0.1574074074074074
2 0.7128802083333333 0.2569444444444444 0.02409375 0.13425925925925927