2 0.27803125 0.6257685185185186 0.09190104166666666 0.27314814814814814
2 0.33054687499999996 0.4513888888888889 0.068453125 0.1712962962962963
2 0.388265625 0.6921296296296297 0.08666666666666667 0.29475
2 0.48243749999999996 0.7646574074074074 0.09271875 0.33178703703703705
2 0.5614218750000001 0.5694444444444444 0.06317708333333333 0.21912962962962962
3 0.49978645833333335 0.2793240740740741 0.19859895833333333 0.4197592592592592
1 0.5913697916666667 0.12191666666666666 0.08486979166666667 0.2006111111111111
2 0.6130781249999999 0.42513888888888884 0.05188020833333333 0.19289814814814815
2 0.6825052083333334 0.3348703703703704 0.029296875 0.15432407407407406
2 0.7150572916666668 0.25539814814814815 0.030166666666666668 0.09723148148148149
2 0.6577760416666667 0.21604629629629632 0.026697916666666665 0.11728703703703704
1 0.6525572916666668 0.04475 0.05622395833333334 0.0895
2 0.37264583333333334 0.36574074074074076 0.053682291666666666 0.1388888888888889
2 0.39866666666666667 0.1466111111111111 0.03463020833333333 0.12036111111111111
2 0.32790625 0.21836111111111112 0.051166666666666666 0.14351851851851852
2 0.22334895833333332 0.44985185185185184 0.06935416666666666 0.2145
2 0.19643229166666665 0.36264814814814816 0.060708333333333336 0.1882777777777778
1 0.6972604166666667 0.03086111111111111 0.04359895833333333 0.06172222222222222