1 0.3848229166666667 0.3773148148148148 0.22894791666666667 0.3595555555555556
1 0.29326562500000003 0.7608055555555555 0.3825260416666667 0.47838888888888886
1 0.5796614583333334 0.11573148148148148 0.09615104166666667 0.20678703703703705
2 0.6078697916666667 0.5956851851851852 0.03797916666666667 0.22839814814814813
1 0.6456197916666666 0.04552777777777778 0.05833854166666667 0.09104629629629629
2 0.7224322916666667 0.2723888888888889 0.031036458333333336 0.125
1 0.7016041666666666 0.07407407407407407 0.05748958333333333 0.14814814814814814
2 0.15705208333333334 0.5802314814814815 0.08325520833333333 0.2592685185185185
2 0.5879010416666667 0.43903703703703706 0.050145833333333334 0.20216666666666666
2 0.5149895833333333 0.12190740740740741 0.029348958333333335 0.09259259259259259
2 0.67165625 0.41126851851851853 0.04405729166666667 0.15586111111111112
2 0.22118229166666667 0.3958333333333333 0.06674479166666666 0.14660185185185187