2 0.27803125 0.6257685185185186 0.09190104166666666 0.27314814814814814
2 0.33054687499999996 0.4513888888888889 0.068453125 0.1712962962962963
2 0.388265625 0.6921296296296297 0.08666666666666667 0.29475
2 0.48243749999999996 0.7646574074074074 0.09271875 0.33178703703703705
2 0.5614218750000001 0.5694444444444444 0.06317708333333333 0.21912962962962962
3 0.49978645833333335 0.2793240740740741 0.19859895833333333 0.4197592592592592
1 0.5913697916666667 0.12191666666666666 0.08486979166666667 0.2006111111111111
2 0.6130781249999999 0.42513888888888884 0.05188020833333333 0.19289814814814815
2 0.6825052083333334 0.3348703703703704 0.029296875 0.15432407407407406
2 0.7115833333333333 0.24613888888888888 0.030166666666666668 0.09723148148148149
2 0.6690572916666666 0.18826851851851853 0.018020833333333333 0.11728703703703704
2 0.25721354166666666 0.24460185185185188 0.05196875 0.14351851851851852
1 0.6525572916666668 0.04475 0.05622395833333334 0.0895
3 0.39082812499999997 0.1388888888888889 0.1475 0.2777777777777778
2 0.3774166666666667 0.36265740740740743 0.047609374999999995 0.1388888888888889