1 0.495453125 0.2507685185185185 0.14479166666666668 0.2793240740740741
1 0.7250260416666666 0.10956481481481481 0.07269791666666667 0.2037037037037037
1 0.6286875 0.05400925925925926 0.07619270833333333 0.10802777777777778
2 0.061046874999999994 0.7962962962962963 0.11278645833333334 0.3395092592592593
2 0.2203125 0.6273148148148148 0.09798958333333332 0.26080555555555557
2 0.2893177083333333 0.41358333333333336 0.058916666666666666 0.21913888888888888
2 0.4012864583333334 0.2662037037037037 0.05541666666666667 0.1651203703703704
2 0.3249010416666666 0.8371944444444444 0.10404166666666666 0.2700648148148148
2 0.4451145833333333 0.8641944444444445 0.10487500000000001 0.24074074074074073
2 0.4134322916666667 0.5393518518518519 0.07971875 0.23919444444444443
2 0.5531770833333333 0.43210185185185185 0.05190625 0.20062037037037037
2 0.6391041666666666 0.4166666666666667 0.04841666666666666 0.1975277777777778
2 0.5857239583333332 0.30092592592592593 0.04408854166666667 0.12962962962962962
2 0.48286979166666666 0.6095648148148148 0.08317187499999999 0.2098796296296296