2 0.22552083333333334 0.6311759259259259 0.05285416666666667 0.25925925925925924
2 0.2736927083333333 0.720675925925926 0.08842708333333334 0.3148148148148148
2 0.38131770833333334 0.716824074074074 0.07625 0.32252777777777775
2 0.4594479166666667 0.5432037037037036 0.06753645833333333 0.26234259259259257
2 0.48767187500000003 0.8449166666666666 0.0596875 0.28241666666666665
2 0.530625 0.45987962962962964 0.038 0.16975925925925925
2 0.32016666666666665 0.45525 0.03541145833333333 0.2037037037037037
2 0.5926822916666666 0.5987592592592592 0.045807291666666666 0.23764814814814816
1 0.4871666666666667 0.22530555555555556 0.15961979166666668 0.3302407407407408
1 0.6024270833333334 0.11651851851851852 0.09053125 0.19906481481481483
2 0.7128802083333333 0.3055648148148148 0.029296875 0.1419814814814815
1 0.219703125 0.41975 0.20508854166666665 0.2993796296296296
1 0.453359375 0.09490740740740741 0.09706770833333334 0.14351851851851852
2 0.7315416666666666 0.10185185185185185 0.014541666666666668 0.09259259259259259