2 0.4946145833333333 0.8271666666666667 0.10306770833333333 0.3456759259259259
2 0.40865625 0.7175925925925926 0.09794791666666666 0.33025
2 0.24244791666666668 0.6851851851851852 0.08149479166666666 0.3055555555555556
2 0.3218802083333333 0.48842592592592593 0.07710416666666667 0.22685185185185186
2 0.5896406249999999 0.6496944444444444 0.06575 0.22839814814814813
1 0.4776875 0.26235185185185184 0.15776562500000002 0.32716666666666666
1 0.58659375 0.10802777777777778 0.084 0.18210185185185185
2 0.6365 0.42592592592592593 0.03278645833333334 0.1882777777777778
1 0.6291302083333333 0.040888888888888884 0.060078124999999996 0.08177777777777777
1 0.6499635416666667 0.17669444444444446 0.09439062499999999 0.20832407407407408
2 0.68771875 0.38349074074074074 0.032776041666666665 0.1712962962962963
2 0.114 0.8078796296296297 0.09712499999999999 0.36265740740740743
2 0.7172291666666666 0.31019444444444444 0.024083333333333335 0.12962962962962962