2 0.4824583333333334 0.8919722222222223 0.07358333333333333 0.21604629629629632
2 0.56925 0.6635740740740741 0.047531250000000004 0.24383333333333332
2 0.5883489583333333 0.4073981481481482 0.042317708333333336 0.1605
0 0.40216145833333333 0.5277777777777778 0.314 0.7993796296296297
1 0.5332291666666666 0.19212037037037039 0.090453125 0.18981481481481483
2 0.6530052083333333 0.4259351851851852 0.027572916666666666 0.17592592592592593
1 0.5918177083333334 0.11265740740740741 0.08785416666666666 0.22530555555555556
2 0.71765625 0.28935185185185186 0.024958333333333336 0.13116666666666665
2 0.22854166666666667 0.6527685185185186 0.03988020833333333 0.23148148148148148
1 0.7133125 0.07330555555555555 0.05620833333333333 0.14660185185185187
1 0.49497395833333335 0.051694444444444446 0.09714583333333333 0.10339814814814816
2 0.395625 0.14583333333333334 0.038968749999999996 0.13117592592592592
2 0.11919270833333333 0.5509259259259259 0.07980729166666665 0.25
2 0.8113906249999999 0.2175925925925926 0.050979166666666666 0.12345370370370372
2 0.21380729166666665 0.34953703703703703 0.05893229166666667 0.1774722222222222