2 0.4824583333333334 0.8919722222222223 0.07358333333333333 0.21604629629629632
2 0.56925 0.6635740740740741 0.047531250000000004 0.24383333333333332
2 0.5883489583333333 0.4073981481481482 0.042317708333333336 0.1605
0 0.39521875 0.5540092592592593 0.32267708333333334 0.8271574074074074
1 0.5332291666666666 0.19212037037037039 0.090453125 0.18981481481481483
2 0.6287031249999999 0.4992407407407407 0.027572916666666666 0.21141666666666667
1 0.5918177083333334 0.11265740740740741 0.08785416666666666 0.22530555555555556
2 0.71765625 0.28935185185185186 0.024958333333333336 0.13116666666666665
2 0.35871875000000003 0.12189814814814816 0.043354166666666666 0.09875925925925925
1 0.7202552083333333 0.07793518518518519 0.05620833333333333 0.14660185185185187
2 0.6781614583333333 0.3271574074074074 0.027572916666666666 0.16049074074074074
2 0.4763645833333333 0.07484259259259259 0.026755208333333332 0.08178703703703703
2 0.43991145833333334 0.1265462962962963 0.0285 0.08641666666666667