2 0.5050052083333333 0.8171296296296297 0.05799479166666666 0.2916666666666667
2 0.40648958333333335 0.7407407407407407 0.09186979166666666 0.3055555555555556
2 0.30710937499999996 0.6597222222222222 0.07540104166666667 0.2978425925925926
2 0.3947760416666667 0.4791666666666667 0.06322916666666667 0.18981481481481483
2 0.49545833333333333 0.5493796296296297 0.035432291666666664 0.20678703703703705
2 0.596140625 0.519287037037037 0.03193229166666667 0.20833333333333334
1 0.5544739583333332 0.19212962962962962 0.127421875 0.2916666666666667
2 0.662546875 0.4104907407407407 0.03451041666666667 0.1882777777777778
1 0.6104635416666666 0.07099074074074074 0.06577083333333333 0.14197222222222222
2 0.7007291666666667 0.33874074074074073 0.025833333333333333 0.14350925925925928
2 0.4325260416666667 0.1859537037037037 0.034604166666666665 0.10338888888888889
2 0.2580677083333333 0.28935185185185186 0.0589375 0.17437962962962963
1 0.7354479166666666 0.046296296296296294 0.058807291666666664 0.09259259259259259
2 0.11789583333333334 0.48456481481481484 0.082390625 0.21296296296296297