2 0.07146354166666667 0.6975277777777779 0.09021354166666667 0.2808611111111111
2 0.47722916666666665 0.8240740740740741 0.09271875 0.29012037037037036
2 0.445546875 0.6165092592592593 0.07103125 0.24228703703703705
2 0.2732604166666667 0.3263888888888889 0.06152604166666666 0.10956481481481481
2 0.399984375 0.23997222222222223 0.05975520833333334 0.13117592592592592
2 0.592234375 0.3263888888888889 0.03453645833333333 0.1651203703703704
2 0.6720833333333334 0.34953703703703703 0.03972916666666667 0.14351851851851852
2 0.6417083333333333 0.2955277777777778 0.025848958333333335 0.15586111111111112
1 0.8222343750000001 0.18518518518518517 0.13863541666666668 0.23148148148148148
1 0.514109375 0.2276203703703704 0.15086458333333336 0.33796296296296297
1 0.235921875 0.6712962962962963 0.3132395833333333 0.632712962962963
1 0.6126302083333334 0.05400925925925926 0.06144270833333333 0.10493518518518519