2 0.22552083333333334 0.6311759259259259 0.05285416666666667 0.25925925925925924
2 0.2736927083333333 0.720675925925926 0.08842708333333334 0.3148148148148148
2 0.38131770833333334 0.716824074074074 0.07625 0.32252777777777775
2 0.4594479166666667 0.5432037037037036 0.06753645833333333 0.26234259259259257
2 0.49288020833333335 0.8449166666666666 0.04927083333333333 0.28241666666666665
2 0.530625 0.45987962962962964 0.038 0.16975925925925925
2 0.32016666666666665 0.45525 0.03541145833333333 0.2037037037037037
2 0.5926822916666666 0.5987592592592592 0.045807291666666666 0.23764814814814816
1 0.4967135416666667 0.20755555555555555 0.15267708333333332 0.3132685185185185
1 0.6631770833333334 0.04243518518518519 0.05408333333333334 0.08487037037037037
2 0.17083854166666665 0.44212962962962965 0.05115104166666666 0.20833333333333334
2 0.05090625 0.6821018518518518 0.07057291666666667 0.26234259259259257