2 0.22552083333333334 0.6311759259259259 0.05285416666666667 0.25925925925925924
2 0.2736927083333333 0.720675925925926 0.08842708333333334 0.3148148148148148
2 0.38131770833333334 0.716824074074074 0.07625 0.32252777777777775
2 0.4594479166666667 0.5432037037037036 0.06753645833333333 0.26234259259259257
2 0.4920104166666667 0.8495462962962963 0.04927083333333333 0.2731574074074074
2 0.530625 0.45601851851851855 0.038 0.19290740740740742
2 0.33361979166666667 0.45525 0.0623125 0.2037037037037037
2 0.6291302083333333 0.5069351851851852 0.033656250000000006 0.20215740740740742
1 0.43249479166666666 0.09337037037037037 0.107546875 0.18673148148148147
2 0.258484375 0.32252777777777775 0.052895833333333336 0.14197222222222222
2 0.7007291666666667 0.09876851851851852 0.015416666666666667 0.08950925925925926
2 0.6473489583333334 0.08873148148148148 0.019770833333333335 0.08487962962962962