1 0.12096875 0.8132685185185186 0.24193229166666666 0.3734537037037037
1 0.4937447916666667 0.23687962962962963 0.15342708333333333 0.3163518518518519
2 0.6404114583333332 0.4166759259259259 0.026697916666666665 0.17592592592592593
1 0.6078697916666667 0.08333333333333333 0.09739062500000001 0.16666666666666666
2 0.7007395833333334 0.29553703703703704 0.031036458333333336 0.14043518518518516
1 0.692921875 0.10262037037037038 0.071375 0.16821296296296295
2 0.5583906249999999 0.4961388888888889 0.050145833333333334 0.20216666666666666
2 0.48116145833333335 0.6404351851851852 0.08484375000000001 0.24382407407407405
2 0.15394270833333332 0.5570925925925926 0.07623958333333333 0.17283333333333334
2 0.3487864583333333 0.9035462962962963 0.11007291666666667 0.19289814814814815
2 0.49371875000000004 0.8371944444444444 0.09964583333333334 0.32561111111111113
2 0.353546875 0.6728425925925926 0.07798958333333333 0.23148148148148148