2 0.5019895833333333 0.8209907407407407 0.10046354166666666 0.35801851851851857
2 0.4125625 0.7175925925925926 0.09707812499999999 0.3117314814814815
2 0.24331770833333335 0.6712962962962963 0.08149479166666666 0.3055555555555556
2 0.3218802083333333 0.48842592592592593 0.07710416666666667 0.22685185185185186
2 0.5918125 0.6496944444444444 0.06141145833333333 0.22839814814814813
1 0.4776875 0.26235185185185184 0.15776562500000002 0.32716666666666666
2 0.022109375 0.7538425925925926 0.044223958333333334 0.22994444444444445
2 0.24375 0.3287037037037037 0.06846875000000001 0.17283333333333334
2 0.6278281250000001 0.2415185185185185 0.027572916666666666 0.13117592592592592
1 0.638234375 0.05324074074074074 0.06577083333333333 0.10648148148148148
2 0.7389166666666667 0.10802777777777778 0.017145833333333336 0.08333333333333333
2 0.8278802083333333 0.22608333333333333 0.045765625000000004 0.11574074074074074
2 0.6690468749999999 0.15586111111111112 0.019765625000000002 0.11728703703703704