1 0.43903125000000004 0.3341018518518518 0.18299479166666668 0.3966018518518518
1 0.58225 0.11882407407407408 0.09616666666666666 0.19444444444444445
1 0.6495156249999999 0.1836388888888889 0.093546875 0.21913888888888888
1 0.626515625 0.04089814814814815 0.0614375 0.08178703703703703
2 0.10357291666666667 0.7654351851851852 0.09715104166666667 0.30863888888888885
2 0.321 0.9112685185185185 0.049359375 0.1774722222222222
2 0.48807812500000003 0.7361111111111112 0.08143229166666667 0.29321296296296295
2 0.307546875 0.3680555555555556 0.07627083333333333 0.18981481481481483
2 0.6022135416666666 0.5401203703703704 0.049291666666666664 0.2222222222222222
2 0.6707864583333334 0.41358333333333336 0.033651041666666666 0.17284259259259258
2 0.7154843750000001 0.31636111111111115 0.029302083333333333 0.1450648148148148