2 0.8612968750000001 0.23534259259259258 0.057041666666666664 0.12191666666666666
2 0.6972552083333333 0.13271296296296298 0.018890625 0.1111111111111111
2 0.665578125 0.14351851851851852 0.024973958333333334 0.10185185185185185
2 0.615671875 0.20293518518518516 0.027588541666666667 0.11265740740740741
2 0.6638385416666667 0.3333333333333333 0.033656250000000006 0.1512314814814815
2 0.5345156249999999 0.5617314814814814 0.051046875000000005 0.2222222222222222
2 0.33358333333333334 0.21296296296296297 0.062375 0.12962962962962962
2 0.30146875 0.14043518518518516 0.053703125 0.11419444444444445
1 0.31143750000000003 0.6782407407407407 0.276765625 0.6435185185185185
1 0.4980572916666667 0.23765740740740743 0.14652604166666666 0.3271574074074074
1 0.5991770833333334 0.08641666666666667 0.08140625 0.16975