2 0.4824583333333334 0.8919722222222223 0.07358333333333333 0.21604629629629632
2 0.56925 0.6635740740740741 0.047531250000000004 0.24383333333333332
2 0.5883489583333333 0.4073981481481482 0.042317708333333336 0.1605
0 0.40216145833333333 0.5277777777777778 0.314 0.7993796296296297
1 0.5332291666666666 0.19212037037037039 0.090453125 0.18981481481481483
2 0.6530052083333333 0.4259351851851852 0.027572916666666666 0.17592592592592593
1 0.5918177083333334 0.11265740740740741 0.08785416666666666 0.22530555555555556
1 0.6625416666666666 0.03086111111111111 0.04011979166666667 0.06172222222222222
2 0.7167864583333333 0.2924351851851852 0.024958333333333336 0.13116666666666665
2 0.22854166666666667 0.6527685185185186 0.03988020833333333 0.23148148148148148
2 0.7931510416666666 0.17206481481481484 0.035359375 0.0941388888888889
2 0.7393541666666666 0.10571296296296297 0.021484375 0.08796296296296297
2 0.6525625 0.10802777777777778 0.053140625000000004 0.09259259259259259
3 0.05844270833333333 0.6149722222222221 0.11625520833333333 0.7700555555555555