2 0.4824583333333334 0.8919722222222223 0.07358333333333333 0.21604629629629632
2 0.56925 0.6635740740740741 0.047531250000000004 0.24383333333333332
2 0.5883489583333333 0.4073981481481482 0.042317708333333336 0.1605
0 0.40216145833333333 0.5277777777777778 0.314 0.7993796296296297
1 0.5332291666666666 0.19212037037037039 0.090453125 0.18981481481481483
2 0.6530052083333333 0.4259351851851852 0.027572916666666666 0.17592592592592593
1 0.5918177083333334 0.11265740740740741 0.08785416666666666 0.22530555555555556
1 0.6425833333333333 0.05400925925925926 0.04011979166666667 0.10801851851851851
2 0.683375 0.3202314814814815 0.026239583333333334 0.11882407407407408
2 0.37745833333333334 0.10955555555555554 0.03363541666666667 0.10184259259259258
2 0.6673177083333334 0.14275 0.014552083333333334 0.09722222222222222
2 0.7306770833333334 0.20215740740740742 0.018015625 0.10493518518518519
2 0.39257291666666666 0.1712962962962963 0.04159895833333334 0.10185185185185185
2 0.13871874999999997 0.501537037037037 0.06331250000000001 0.23148148148148148
2 0.7584479166666667 0.1651203703703704 0.028421875 0.09876851851851852