2 0.5466718749999999 0.7330277777777777 0.04930208333333333 0.25925925925925924
1 0.40604687500000003 0.3549351851851852 0.21078125 0.45987962962962964
2 0.23507291666666666 0.6959907407407407 0.07194270833333333 0.29938888888888887
2 0.3965416666666667 0.7446018518518518 0.08225520833333334 0.31636111111111115
2 0.48896875 0.5123425925925926 0.036265624999999996 0.19444444444444445
2 0.6482239583333332 0.42824999999999996 0.03364583333333333 0.18980555555555556
1 0.591375 0.12268518518518519 0.08313020833333334 0.17746296296296296
2 0.231671875 0.2407314814814815 0.045046875 0.1388888888888889
2 0.6621041666666667 0.1682037037037037 0.019765625000000002 0.10185185185185185
2 0.22944270833333333 0.3958333333333333 0.06931250000000001 0.20833333333333334
1 0.6512604166666667 0.04398148148148148 0.05573958333333333 0.08796296296296297