2 0.22552083333333334 0.6311759259259259 0.05285416666666667 0.25925925925925924
2 0.2736927083333333 0.720675925925926 0.08842708333333334 0.3148148148148148
2 0.38131770833333334 0.716824074074074 0.07625 0.32252777777777775
2 0.4594479166666667 0.5432037037037036 0.06753645833333333 0.26234259259259257
2 0.49288020833333335 0.8449166666666666 0.04927083333333333 0.28241666666666665
2 0.530625 0.45601851851851855 0.038 0.19290740740740742
2 0.32016666666666665 0.45525 0.03541145833333333 0.2037037037037037
2 0.5926822916666666 0.5987592592592592 0.045807291666666666 0.23764814814814816
1 0.516671875 0.17283333333333334 0.14052604166666666 0.2746851851851852
2 0.6543020833333333 0.3950648148148148 0.03885416666666666 0.16667592592592592
1 0.45402604166666666 0.07099074074074074 0.09921354166666667 0.14197222222222222
2 0.11008854166666666 0.4645092592592593 0.07024479166666667 0.21913888888888888
2 0.017062499999999998 0.8696018518518518 0.034124999999999996 0.2607962962962963