1 0.24504166666666669 0.6604907407407408 0.2585572916666667 0.6635833333333333
1 0.5523072916666667 0.1550925925925926 0.09704166666666666 0.20833333333333334
1 0.71721875 0.06481481481481481 0.05186979166666667 0.12962962962962962
2 0.49415624999999996 0.6404351851851852 0.07448958333333335 0.24382407407407405
2 0.34746875 0.845675925925926 0.102296875 0.30863888888888885
2 0.41386979166666665 0.28935185185185186 0.04413020833333334 0.13425925925925927
2 0.32794270833333333 0.27314814814814814 0.026791666666666665 0.15432407407407406
2 0.4607395833333333 0.18826851851851853 0.035437500000000004 0.13580555555555554
2 0.5501406249999999 0.4097222222222222 0.042359375 0.1774722222222222
2 0.6430104166666666 0.4683611111111111 0.03713020833333334 0.19289814814814815
2 0.6946510416666667 0.30015740740740743 0.02930729166666667 0.12191666666666666