2 0.27803125 0.6257685185185186 0.09190104166666666 0.27314814814814814
2 0.33054687499999996 0.4513888888888889 0.068453125 0.1712962962962963
2 0.388265625 0.6921296296296297 0.08666666666666667 0.29475
2 0.48243749999999996 0.7646574074074074 0.09271875 0.33178703703703705
2 0.5614218750000001 0.5694444444444444 0.06317708333333333 0.21912962962962962
3 0.49978645833333335 0.2793240740740741 0.19859895833333333 0.4197592592592592
1 0.5913697916666667 0.12191666666666666 0.08486979166666667 0.2006111111111111
2 0.6130781249999999 0.42513888888888884 0.05188020833333333 0.19289814814814815
2 0.6825052083333334 0.3348703703703704 0.029296875 0.15432407407407406
2 0.7211302083333333 0.25 0.030166666666666668 0.12346296296296297
2 0.6972604166666667 0.12037037037037036 0.015416666666666667 0.08950925925925926
2 0.053703125 0.5879629629629629 0.08928645833333333 0.26234259259259257
1 0.4559270833333333 0.09027777777777778 0.11274999999999999 0.1682037037037037
1 0.6525572916666668 0.04475 0.05622395833333334 0.0895