2 0.3926354166666667 0.8024629629629629 0.100484375 0.30863888888888885
2 0.21425520833333334 0.6357962962962963 0.08311458333333334 0.24692592592592594
2 0.5562395833333333 0.6257685185185186 0.075296875 0.2947592592592592
1 0.44297916666666665 0.33796296296296297 0.18938541666666667 0.35801851851851857
2 0.14141145833333332 0.6126574074074074 0.083984375 0.23148148148148148
1 0.5623072916666667 0.14969444444444444 0.113890625 0.24690740740740744
2 0.3210520833333333 0.33487962962962964 0.06835416666666667 0.19135185185185186
1 0.7384791666666667 0.10494444444444445 0.08571354166666666 0.19443518518518518
2 0.66775 0.3958333333333333 0.053609375 0.19289814814814815
2 0.399546875 0.09259259259259259 0.050208333333333334 0.10802777777777778
2 0.48547395833333334 0.11034259259259259 0.046713541666666664 0.09722222222222222