2 0.5306197916666666 0.6767037037037037 0.09008854166666666 0.32561111111111113
2 0.226015625 0.8603333333333333 0.13866145833333335 0.2793240740740741
2 0.46684895833333334 0.5640462962962962 0.06315104166666667 0.2361111111111111
1 0.45207291666666666 0.30091666666666667 0.18121875 0.3425925925925926
1 0.6877083333333334 0.10494444444444445 0.06055208333333333 0.1574074074074074
1 0.646484375 0.04321296296296297 0.05969791666666667 0.08641666666666667
2 0.6503958333333333 0.4382685185185185 0.04664583333333334 0.1913611111111111
2 0.7415208333333333 0.20525 0.020614583333333332 0.11727777777777777
2 0.34097916666666667 0.3425925925925926 0.06493750000000001 0.16975
2 0.566640625 0.3549444444444444 0.047531250000000004 0.1357962962962963
2 0.6985572916666667 0.2569444444444444 0.030171875 0.13425925925925927
2 0.6369322916666668 0.2561759259259259 0.024979166666666667 0.12345370370370372
2 0.6052552083333332 0.21604629629629632 0.024119791666666668 0.12345370370370372
2 0.5353854166666667 0.13580555555555554 0.026739583333333334 0.07407407407407407